time:  [0, 0.071, 0.176, 0.238, 0.342, 0.406, 0.471, 0.531, 0.697, 0.856, 0.919, 1.029, 1.122, 1.33, 1.435]
pwm:  [200, 200, 200, 200, 200, 200, 200, 200, 200, 200, 200, 200, 200, 200, 200]
distance:  [4556.0, 4117.0, 4061.0, 4275.0, 4030.0, 3366.0, 2631.0, 3050.0, 2606.0, 2630.0, 2043.0, 1830.0, 1471.0, 465.0, 42.0]
velocity:  [0, 6183.0985915492965, 533.3333333333334, -3451.6129032258063, 2355.76923076923, 10375.0, 11307.692307692318, -6983.333333333328, 2674.698795180724, -150.94339622641508, 9317.460317460309, 1936.3636363636385, 3860.215053763433, 4836.538461538463, 4028.5714285714294]